0,429
0,428
0,427
0,426
0,425
0,424
0,423
0,422
0,421
0,420
0,419
0,418
0,417
0,416
0,415
0,414
0,413
0,412
0,411
0,410
49,5
49,4
49,3
49,2
49,1
49,0
48,4
48,3
48,2
48,1
48,0
47,3
47,2
47,1
47,0
43,52
43,51
43,50
43,49
43,48
43,47
43,46
43,45
43,44
43,43
43,42
43,41
43,40
43,39
43,38
43,37
43,36
43,35
46,5
46,4
46,3
46,2
46,1
46,0
0,409
0,408
0,407
0,273
0,270
45,4
45,3
45,2
45,1
45,0
44,3
44,2
0,9
44,1
44,0
3,2
3,1
3,3
10,269
10,101
10,163
10,313
10,77
10,27
10,129
11,7
11,5
11,29
11,21
11,23
11,11
9,5
8,16
8,18
8,11
8,6
8,10
8,14
